Gz: -9.81
mass: 1.0
arm_l: 0.125
motor_tau: 0.00001
thrust_map: [1.3298253500372892e-06, 0.0038360810526746033, -1.7689986848125325]
kappa: 0.016
J: [0.00586, 0, 0, 0.00586, 0, 0.00977]
P_gain: [16.6, 16.6, 5.0]