Gz: -9.81
mass: 0.977
arm_l: 0.125
motor_tau: 0.015
thrust_map: [8.54858e-06, 0.0, 0.0]
kappa: 0.0178
J: [0.00586, 0, 0, 0.00600, 0, 0.00977]
P_gain: [15.0, 15.0, 4.0]